(1514764800000,[(0,1), (2,16), (4,12), (6,12), (8,7), (10,14), (12,71), (14,154), (16,127), (18,141), (20,109), (22,86)])
(1514851200000,[(0,83), (2,157), (4,184), (6,96), (8,78), (10,172), (12,462), (14,835), (16,746), (18,745), (20,610), (22,508)])
(1514937600000,[(0,360), (2,286), (4,191), (6,101), (8,74), (10,202), (12,536), (14,919), (16,870), (18,1163), (20,903), (22,750)])
(1515024000000,[(0,456), (2,369), (4,187), (6,100), (8,104), (10,209), (12,518), (14,867), (16,639), (18,581), (20,541), (22,307)])
(1515110400000,[(0,328), (2,478), (4,346), (6,131), (8,120), (10,274), (12,742), (14,1290), (16,1073), (18,1189), (20,1047), (22,588)])
(1515196800000,[(0,426), (2,354), (4,189), (6,135), (8,83), (10,161), (12,476), (14,515), (16,247), (18,159), (20,80), (22,54)])
(1515283200000,[(0,32), (2,28), (4,24), (6,12), (8,17), (10,28), (12,85), (14,296), (16,247), (18,148), (20,131), (22,122)])
(1515369600000,[(0,60), (2,208), (4,134), (6,86), (8,49), (10,133), (12,568), (14,943), (16,897), (18,959), (20,831), (22,904)])
(1515456000000,[(0,623), (2,426), (4,280), (6,134), (8,90), (10,165), (12,683), (14,1331), (16,1168), (18,831), (20,573), (22,540)])
(1515542400000,[(0,313), (2,304), (4,161), (6,100), (8,57), (10,120), (12,410), (14,852), (16,701), (18,579), (20,649), (22,642)])
(1515628800000,[(0,387), (2,298), (4,163), (6,94), (8,60), (10,164), (12,736), (14,1040), (16,1115), (18,684), (20,493), (22,444)])
(1515715200000,[(0,405), (2,431), (4,339), (6,174), (8,126), (10,272), (12,699), (14,911), (16,774), (18,925), (20,596), (22,401)])
(1515801600000,[(0,283), (2,361), (4,313), (6,155), (8,88), (10,202), (12,422), (14,476), (16,149), (18,111), (20,311), (22,340)])
(1515888000000,[(0,222), (2,215), (4,168), (6,84), (8,70), (10,82), (12,268), (14,549), (16,488), (18,294), (20,84), (22,99)])
(1515974400000,[(0,57), (2,168), (4,123), (6,74), (8,53), (10,107), (12,283), (14,628), (16,536), (18,381), (20,271), (22,135)])
(1516060800000,[(0,420), (2,374), (4,242), (6,147), (8,71), (10,174), (12,627), (14,975), (16,1004), (18,787), (20,602), (22,187)])
(1516147200000,[(0,135), (2,149), (4,170), (6,65), (8,50), (10,151), (12,679), (14,1045), (16,1083), (18,1076), (20,684), (22,390)])
(1516233600000,[(0,212), (2,137), (4,74), (6,39), (8,31), (10,41), (12,105), (14,185), (16,243), (18,238), (20,219), (22,271)])
(1516320000000,[(0,182), (2,228), (4,219), (6,120), (8,64), (10,210), (12,583), (14,985), (16,806), (18,652), (20,524), (22,463)])
(1516406400000,[(0,289), (2,314), (4,290), (6,167), (8,91), (10,216), (12,406), (14,390), (16,324), (18,340), (20,484), (22,438)])
(1516492800000,[(0,391), (2,323), (4,211), (6,139), (8,78), (10,122), (12,226), (14,328), (16,653), (18,361), (20,294), (22,102)])
(1516579200000,[(0,132), (2,349), (4,215), (6,86), (8,77), (10,230), (12,518), (14,843), (16,961), (18,916), (20,565), (22,499)])
(1516665600000,[(0,502), (2,431), (4,260), (6,89), (8,92), (10,192), (12,657), (14,1227), (16,1091), (18,743), (20,660), (22,488)])
(1516752000000,[(0,496), (2,355), (4,326), (6,150), (8,107), (10,304), (12,707), (14,1152), (16,847), (18,879), (20,603), (22,443)])
(1516838400000,[(0,455), (2,490), (4,260), (6,142), (8,121), (10,267), (12,721), (14,1060), (16,986), (18,1045), (20,846), (22,791)])
(1516924800000,[(0,638), (2,877), (4,474), (6,225), (8,174), (10,340), (12,757), (14,803), (16,725), (18,478), (20,384), (22,319)])
(1517011200000,[(0,295), (2,204), (4,156), (6,90), (8,61), (10,116), (12,261), (14,457), (16,347), (18,165), (20,204), (22,224)])
(1517097600000,[(0,304), (2,244), (4,165), (6,82), (8,29), (10,49), (12,192), (14,355), (16,383), (18,220), (20,214), (22,128)])
(1517184000000,[(0,113), (2,383), (4,196), (6,102), (8,109), (10,192), (12,696), (14,1145), (16,996), (18,929), (20,502), (22,549)])
(1517270400000,[(0,736), (2,615), (4,356), (6,169), (8,109), (10,277), (12,656), (14,1281), (16,990), (18,549), (20,505), (22,460)])
(1517356800000,[(0,374), (2,291), (4,134), (6,65), (8,32), (10,62), (12,169), (14,270), (16,253), (18,161), (20,70), (22,44)])
(1517443200000,[(0,61), (2,76), (4,148), (6,84), (8,58), (10,160), (12,575), (14,724), (16,739), (18,558), (20,652), (22,447)])
(1517529600000,[(0,397), (2,447), (4,349), (6,186), (8,145), (10,347), (12,966), (14,1456), (16,1050), (18,1142), (20,745), (22,618)])
(1517616000000,[(0,418), (2,329), (4,324), (6,163), (8,92), (10,210), (12,470), (14,533), (16,383), (18,356), (20,369), (22,271)])
(1517702400000,[(0,230), (2,227), (4,107), (6,66), (8,45), (10,83), (12,303), (14,465), (16,347), (18,188), (20,228), (22,153)])
(1517788800000,[(0,90), (2,241), (4,238), (6,131), (8,65), (10,137), (12,646), (14,1141), (16,1426), (18,1060), (20,1029), (22,769)])
(1517875200000,[(0,454), (2,279), (4,211), (6,107), (8,68), (10,191), (12,666), (14,903), (16,826), (18,629), (20,842), (22,632)])
(1517961600000,[(0,491), (2,337), (4,208), (6,114), (8,83), (10,219), (12,762), (14,1114), (16,925), (18,779), (20,528), (22,364)])
(1518048000000,[(0,250), (2,396), (4,224), (6,129), (8,107), (10,227), (12,656), (14,1015), (16,761), (18,568), (20,533), (22,469)])
(1518134400000,[(0,500), (2,412), (4,308), (6,159), (8,114), (10,263), (12,481), (14,694), (16,611), (18,601), (20,550), (22,691)])
(1518220800000,[(0,406), (2,421), (4,401), (6,199), (8,139), (10,271), (12,715), (14,678), (16,464), (18,252), (20,262), (22,288)])
(1518307200000,[(0,422), (2,377), (4,309), (6,154), (8,97), (10,175), (12,352), (14,519), (16,449), (18,214), (20,421), (22,390)])
(1518393600000,[(0,267), (2,262), (4,201), (6,100), (8,53), (10,173), (12,731), (14,885), (16,831), (18,963), (20,591), (22,413)])
(1518480000000,[(0,325), (2,335), (4,212), (6,96), (8,51), (10,155), (12,531), (14,877), (16,1221), (18,926), (20,696), (22,664)])
(1518566400000,[(0,422), (2,329), (4,193), (6,104), (8,58), (10,157), (12,440), (14,1054), (16,1218), (18,1018), (20,1002), (22,715)])
(1518652800000,[(0,441), (2,547), (4,381), (6,204), (8,133), (10,318), (12,1107), (14,1550), (16,1181), (18,738), (20,860), (22,752)])
(1518739200000,[(0,546), (2,392), (4,335), (6,234), (8,152), (10,358), (12,1036), (14,1281), (16,1117), (18,1110), (20,1155), (22,592)])
(1518825600000,[(0,330), (2,359), (4,255), (6,205), (8,120), (10,220), (12,559), (14,677), (16,369), (18,131), (20,474), (22,460)])
(1518912000000,[(0,489), (2,450), (4,291), (6,166), (8,115), (10,205), (12,449), (14,635), (16,380), (18,116), (20,67), (22,52)])
(1518998400000,[(0,109), (2,241), (4,177), (6,97), (8,62), (10,144), (12,394), (14,653), (16,507), (18,301), (20,121), (22,127)])
(1519084800000,[(0,145), (2,311), (4,179), (6,117), (8,73), (10,191), (12,692), (14,1071), (16,1133), (18,887), (20,778), (22,693)])
(1519171200000,[(0,528), (2,430), (4,301), (6,164), (8,109), (10,272), (12,780), (14,1534), (16,1238), (18,682), (20,756), (22,763)])
(1519257600000,[(0,385), (2,396), (4,351), (6,156), (8,131), (10,244), (12,666), (14,1172), (16,1027), (18,618), (20,454), (22,386)])
(1519344000000,[(0,382), (2,443), (4,414), (6,198), (8,140), (10,382), (12,1162), (14,1637), (16,1503), (18,1166), (20,891), (22,637)])
(1519430400000,[(0,364), (2,236), (4,204), (6,121), (8,79), (10,139), (12,314), (14,442), (16,254), (18,158), (20,272), (22,332)])
(1519516800000,[(0,322), (2,260), (4,199), (6,125), (8,67), (10,119), (12,401), (14,460), (16,464), (18,325), (20,151), (22,108)])
(1519603200000,[(0,132), (2,337), (4,214), (6,115), (8,69), (10,197), (12,714), (14,1111), (16,1063), (18,972), (20,482), (22,479)])
(1519689600000,[(0,682), (2,609), (4,372), (6,190), (8,145), (10,300), (12,840), (14,1157), (16,947), (18,645), (20,711), (22,982)])
(1519776000000,[(0,501), (2,375), (4,240), (6,124), (8,87), (10,223), (12,342), (14,495), (16,353), (18,302), (20,179), (22,64)])
(1519862400000,[(0,63), (2,59), (4,25), (6,11), (8,7), (10,5), (12,24), (14,35), (16,80), (18,61), (20,18), (22,17)])
(1519948800000,[(0,15), (2,12), (4,3), (6,5), (8,3), (10,3), (12,16), (14,31), (16,14), (18,14), (20,11), (22,11)])
(1520035200000,[(0,12), (2,9), (4,6), (6,3), (8,2), (10,2), (12,8), (14,14), (16,15), (18,13), (20,11), (22,10)])
(1520121600000,[(0,7), (4,3), (6,3), (10,4), (12,10), (14,16), (16,7), (18,11), (20,15), (22,4)])
(1520208000000,[(0,7), (2,3), (4,5), (10,2), (12,6), (14,8), (16,5), (18,15), (20,6), (22,3)])
(1520294400000,[(0,6), (2,5), (4,5), (6,1), (10,1), (12,7), (14,33), (16,13), (18,33), (20,21), (22,11)])
(1520380800000,[(0,4), (2,6), (4,2), (6,7), (8,2), (10,1), (12,3), (14,6), (16,10), (18,5), (20,7)])
(1520467200000,[(0,1), (2,1), (4,1), (10,1), (12,16), (14,8), (16,16), (18,11), (20,3), (22,1)])
(1520553600000,[(0,4), (2,3), (4,4), (10,2), (14,1), (16,3), (18,4), (20,5), (22,2)])
(1520640000000,[(0,2), (4,1), (14,1), (16,1), (18,2), (20,1), (22,3)])
(1520726400000,[(2,2), (10,1), (14,1), (16,1), (18,2), (20,1)])
(1520812800000,[(0,1), (2,1), (4,1), (8,2), (14,3), (16,8), (18,3), (20,1)])
(1520899200000,[(0,1), (2,6), (4,2), (12,2), (14,1), (18,3), (20,2)])
(1520985600000,[(2,2), (12,1), (14,3), (16,2), (18,1), (20,1), (22,1)])
(1521072000000,[(0,2), (14,13), (16,3), (18,1), (22,5)])
(1521158400000,[(0,1), (2,2), (12,1), (14,1)])
(1521244800000,[(2,1), (14,1)])
(1521331200000,[(0,1), (8,1), (12,1), (14,1), (20,1)])
(1521417600000,[(0,2), (2,1), (6,1), (12,2), (16,3), (18,2), (20,1)])
(1521504000000,[(0,1), (2,1), (14,2), (16,2), (20,1)])
(1521590400000,[(0,2), (6,1), (10,1), (14,1), (18,1)])
(1521676800000,[(6,1), (12,3), (14,1), (16,1), (20,1)])
(1521763200000,[(0,4), (8,1), (10,2), (14,2), (16,5), (18,6), (20,4), (22,2)])
(1521849600000,[(0,1), (2,1), (4,1), (16,1), (20,1)])
(1521936000000,[(0,1), (8,1), (12,1), (16,2), (18,3), (20,2)])
(1522022400000,[(0,2), (2,1), (12,1), (14,5), (16,1), (18,1), (20,1), (22,1)])
(1522108800000,[(0,7), (2,3), (4,2), (8,1), (12,2), (14,5), (18,2), (22,3)])
(1522195200000,[(0,5), (2,1), (6,1), (8,2), (14,1), (16,3), (18,1), (20,3), (22,1)])
(1522281600000,[(0,2), (2,2), (12,1), (14,1), (16,3), (18,2), (20,1)])
(1522368000000,[(0,1), (2,1), (14,1)])
(1522454400000,[(12,1), (14,1), (16,2), (22,2)])
(1522540800000,[(4,1), (14,2), (16,1), (18,1)])
(1522627200000,[(0,1), (2,1), (14,2), (16,2), (20,1), (22,2)])
(1522713600000,[(0,1), (12,3), (14,3), (16,4), (20,1)])
(1522800000000,[(2,1), (4,1), (10,1), (12,2), (14,1), (16,1), (20,1)])
(1522886400000,[(0,1), (8,1), (12,1), (14,2), (16,2), (20,1), (22,1)])
(1522972800000,[(0,1), (4,1), (10,1), (18,1)])
(1523059200000,[(0,1), (4,1), (14,1)])
(1523145600000,[(10,1), (12,1)])
(1523232000000,[(12,1), (14,2), (16,2), (20,1)])
(1523318400000,[(4,1), (14,1), (16,1), (18,1)])
(1523404800000,[(6,20), (8,1), (12,2), (14,2), (18,1), (20,1)])
(1523491200000,[(0,1), (2,2), (18,2), (22,1)])
(1523577600000,[(14,1), (16,1), (22,1)])
(1523664000000,[(18,1)])
(1523750400000,[(14,1), (18,1), (22,1)])
(1523836800000,[(0,1), (6,1), (14,1), (16,1), (18,1), (22,2)])
(1523923200000,[(6,1), (10,1), (14,3), (16,1), (18,1), (20,2), (22,1)])
