(1514764800000,[(0,1686), (2,1688), (4,1133), (6,587), (8,483), (10,1060), (12,2890), (14,4876), (16,3949), (18,4126), (20,3421), (22,2415)])
(1515369600000,[(0,2293), (2,2243), (4,1558), (6,827), (8,540), (10,1138), (12,3786), (14,6102), (16,5292), (18,4383), (20,3537), (22,3370)])
(1515974400000,[(0,1686), (2,1693), (4,1329), (6,751), (8,438), (10,1021), (12,2909), (14,4536), (16,4649), (18,3835), (20,3078), (22,1986)])
(1516579200000,[(0,2822), (2,2950), (4,1856), (6,864), (8,661), (10,1498), (12,3813), (14,5897), (16,5340), (18,4446), (20,3476), (22,2892)])
(1517184000000,[(0,2329), (2,2368), (4,1614), (6,835), (8,590), (10,1331), (12,3835), (14,5874), (16,4758), (18,3883), (20,3071), (22,2542)])
(1517788800000,[(0,2613), (2,2463), (4,1899), (6,993), (8,673), (10,1483), (12,4278), (14,6064), (16,5462), (18,4103), (20,4165), (22,3603)])
(1518393600000,[(0,2820), (2,2674), (4,1868), (6,1109), (8,682), (10,1586), (12,4853), (14,6959), (16,6317), (18,5002), (20,4845), (22,3648)])
(1518998400000,[(0,2235), (2,2317), (4,1825), (6,978), (8,661), (10,1491), (12,4409), (14,6969), (16,6126), (18,4137), (20,3423), (22,3046)])
(1519603200000,[(0,1412), (2,1401), (4,863), (6,451), (8,313), (10,734), (12,1954), (14,2859), (16,2479), (18,2018), (20,1427), (22,1567)])
(1520208000000,[(0,24), (2,20), (4,18), (6,8), (8,2), (10,8), (12,32), (14,58), (16,49), (18,72), (20,44), (22,20)])
(1520812800000,[(0,6), (2,12), (4,3), (8,3), (12,5), (14,23), (16,13), (18,8), (20,5), (22,6)])
(1521417600000,[(0,11), (2,3), (4,1), (6,3), (8,2), (10,3), (12,6), (14,6), (16,14), (18,12), (20,10), (22,2)])
(1522022400000,[(0,17), (2,8), (4,3), (6,1), (8,3), (12,5), (14,16), (16,10), (18,7), (20,5), (22,7)])
(1522627200000,[(0,5), (2,2), (4,3), (8,1), (10,3), (12,7), (14,9), (16,9), (18,1), (20,4), (22,3)])
(1523232000000,[(0,1), (2,2), (4,1), (6,20), (8,1), (12,3), (14,7), (16,4), (18,6), (20,2), (22,3)])
