(1514764800000,[(68965495,233.39999999999998), (57048689,190.79999999999998), (46988223,149.54), (57123959,99.0), (2073520,89.3), (64854347,86.46000000000001), (4985602,83.69999999999999), (74661305,79.2), (52188782,74.33000000000001), (54399408,74.2)])
(1514851200000,[(57048689,490.99999999999994), (34756900,456.46999999999997), (57123959,429.29999999999995), (1811585,419.76), (61986282,402.6), (64888397,398.09000000000003), (63591393,344.2), (43661348,329.7), (12443097,321.3), (450196,315.97999999999996)])
(1514937600000,[(33213475,1544.74), (40118532,1301.81), (77757865,1132.56), (46565646,934.1999999999999), (79437344,774.1800000000001), (78124169,700.5), (43678268,693.1999999999999), (56606505,687.39), (46743487,607.2), (37012629,536.6700000000001)])
(1515024000000,[(62938502,395.94000000000005), (47109348,389.2), (17173195,386.40000000000003), (68890766,353.14000000000004), (57267911,332.94000000000005), (47037700,316.03000000000003), (11960208,299.22), (57048689,299.1), (26805097,291.18), (74755960,281.61)])
(1515110400000,[(2073520,1358.14), (64646953,1347.84), (40118532,1095.41), (76165388,1037.3999999999999), (51878992,993.9999999999999), (69745052,954.0000000000001), (69563353,936.54), (34419602,924.7600000000001), (74662660,728.3100000000001), (59003930,705.6600000000001)])
(1515196800000,[(57048689,468.3), (25141914,357.49999999999994), (17173195,282.42999999999995), (2073520,271.79999999999995), (47032762,259.2), (57076816,232.3), (76739302,208.56), (65499127,203.07000000000002), (37674938,186.70000000000002), (29899499,159.72000000000003)])
(1515283200000,[(62963437,461.34000000000003), (9370,451.2), (66363989,364.36), (9271683,337.63), (46890990,330.99000000000007), (79173649,267.2), (64775608,249.79999999999998), (1826961,225.39999999999998), (26272277,220.81), (78666432,175.79999999999998)])
(1515369600000,[(66076737,614.46), (73897084,448.06), (44420772,443.31), (18946565,432.78000000000003), (51878992,429.29999999999995), (72396715,361.02000000000004), (35951226,333.79999999999995), (36500408,309.54), (59188335,295.39), (15785326,280.74)])
(1515456000000,[(51878992,623.8), (15701094,544.62), (54547503,487.8), (69314593,478.95000000000005), (2073520,461.7), (17173195,439.2), (48028967,429.4500000000001), (25141914,394.2), (23078829,353.56), (71408207,319.48)])
(1515542400000,[(51878992,911.8), (2073520,768.6800000000001), (63591393,493.9), (25141914,396.3), (17173195,380.59999999999997), (66418833,364.5), (46959561,363.0), (5310634,345.0), (1658894,335.98), (55112810,335.61)])
(1515628800000,[(51087612,1002.84), (51878992,831.0), (54609914,689.1600000000001), (84321641,658.76), (54232596,571.02), (65256487,428.88), (68141594,413.94000000000005), (44053468,400.99999999999994), (79251533,395.40000000000003), (2289495,348.52)])
(1515715200000,[(51878992,1000.0), (57048689,775.9), (47969486,531.94), (62222075,432.65000000000003), (60783017,416.79), (38331232,390.91), (2073520,325.6), (63895072,310.09999999999997), (66332358,257.0), (23078829,246.89999999999998)])
(1515801600000,[(51878992,1036.3), (64354920,946.89), (60674711,820.8300000000002), (72040400,627.0), (36256008,570.0), (57048689,547.9), (38331232,516.0), (2073520,456.55), (33605332,426.42), (55678593,369.3)])
(1515888000000,[(73137363,310.5), (49620833,210.6), (76781058,188.1), (12443097,186.29999999999998), (57229288,179.31), (27077287,170.1), (3017681,166.5), (45524127,157.5), (34502232,154.52), (337474,129.9)])
(1515974400000,[(51878992,1066.3999999999999), (2073520,600.9), (57048689,518.5999999999999), (9271683,516.78), (35448296,497.76), (23078829,428.71), (31713359,312.0), (16989055,303.45000000000005), (38331232,294.90000000000003), (52131820,256.5)])
(1516060800000,[(51878992,1425.7), (38331232,1194.7), (65614411,849.7500000000001), (25141914,593.8), (1246834,586.74), (56166904,576.6), (15468661,540.58), (68214711,510.30000000000007), (74791119,505.89000000000004), (2073520,464.8)])
(1516147200000,[(63651819,960.1), (57916836,851.4000000000001), (33421419,771.5400000000001), (73512218,648.61), (54928688,630.3), (70901036,578.9), (49906049,533.1), (63336211,490.59999999999997), (67057626,481.80000000000007), (64540670,438.6)])
(1516233600000,[(60230477,428.01), (62507509,362.46000000000004), (51878992,343.8), (56342659,332.1), (31600138,255.54), (74691226,250.92000000000002), (60205911,246.22), (34835062,222.0), (69952717,220.1), (73778536,198.9)])
(1516320000000,[(2073520,1167.3400000000001), (38331232,1019.3), (51878992,964.5999999999999), (56825716,870.18), (57123959,801.0), (54291020,720.12), (81039269,712.47), (106834,611.82), (78514751,444.8), (64270364,408.58000000000004)])
(1516406400000,[(57048689,1203.3), (48038238,803.22), (1067566,627.6600000000001), (2073520,464.9), (60851162,412.7), (63775488,399.59999999999997), (63591393,383.2), (72473320,377.84999999999997), (4059147,360.4), (37987242,350.9)])
(1516492800000,[(51878992,402.1), (3770357,256.3), (60547014,255.83), (3693550,248.39999999999998), (72863708,220.79999999999998), (73144719,208.2), (39244115,197.6), (35591703,196.5), (31294013,193.5), (38331232,193.49999999999997)])
(1516579200000,[(38331232,528.3000000000001), (20990381,462.04), (32794980,437.4), (2073520,409.2), (22528152,355.02000000000004), (58314766,353.7), (5340020,321.0), (46918499,310.08000000000004), (63591393,306.45), (19395153,299.1)])
(1516665600000,[(38331232,1058.19), (44784364,663.6300000000001), (51878992,636.6999999999999), (76012420,578.86), (61986282,571.51), (66476244,528.6), (69678834,517.44), (61172258,417.45), (62372348,410.19000000000005), (68331000,377.23)])
(1516752000000,[(51878992,632.0999999999999), (79666928,614.58), (65183669,558.1500000000001), (31638827,374.40000000000003), (57901448,373.96999999999997), (45086985,342.18000000000006), (61828930,297.78000000000003), (76992358,262.72), (30138999,247.29), (51001833,244.79999999999998)])
(1516838400000,[(39620600,688.39), (854488,622.71), (25141914,548.4999999999999), (2073520,532.8), (75911032,532.71), (80543630,471.32), (58720782,385.9), (78605904,385.11), (57101688,384.78000000000003), (51878992,379.5)])
(1516924800000,[(1927937,930.39), (84538667,668.99), (62380218,639.8), (2073520,601.9), (17231624,599.4), (38331232,575.48), (30771940,555.3), (53453269,504.9), (51878992,495.2), (18426496,490.9)])
(1517011200000,[(57048689,1741.4999999999998), (40118532,1518.7700000000002), (2073520,1119.8999999999999), (12582762,1104.0), (25504325,1002.3), (44053468,706.0), (56166904,689.6), (43644377,550.1999999999999), (35591703,480.0), (48110597,441.6)])
(1517097600000,[(23078829,725.3), (51878992,725.1), (7531892,567.3), (38371156,525.44), (67628274,388.9800000000001), (2073520,378.22), (1460968,307.35), (16909680,277.99999999999994), (19290034,216.29999999999998), (122453,207.69)])
(1517184000000,[(51878992,1146.9), (12949267,1072.8300000000002), (67691516,817.74), (9271683,678.42), (57048689,581.4), (33709294,513.89), (35591703,485.49999999999994), (64440825,459.3), (29109674,455.00000000000006), (59460227,425.2)])
(1517270400000,[(14480101,639.6600000000001), (64389788,516.24), (56907400,473.61), (38702362,460.68), (34881871,450.45000000000005), (40554705,408.29), (64484784,394.2), (51878992,389.29999999999995), (63119682,355.3), (20556626,346.83000000000004)])
(1517356800000,[(77640573,261.81), (17660585,244.02), (75911032,208.31), (67798076,186.45), (73137363,169.74), (80548680,148.94), (55199711,134.47000000000003), (54409812,128.78), (5613034,92.6), (51905269,83.1)])
(1517443200000,[(40118532,1325.6699999999998), (49906049,957.33), (70590156,927.7500000000001), (3017681,783.55), (61336885,781.5), (77954107,777.9), (65067919,763.5999999999999), (62266564,748.62), (51878992,638.1), (57048689,602.3)])
(1517529600000,[(4120391,1004.9300000000001), (63119682,911.42), (75911032,893.5800000000002), (35560173,874.2900000000001), (1706461,799.3800000000001), (51878992,777.8), (72918945,692.7900000000001), (25141914,671.96), (28828459,666.72), (68752205,648.7800000000001)])
(1517616000000,[(2073520,1023.6999999999999), (57048689,755.6999999999999), (38331232,696.9999999999999), (78434669,564.0500000000001), (5310634,507.0), (76295192,492.03000000000003), (35591703,463.2), (3770357,425.59999999999997), (53020238,416.13000000000005), (12582762,402.7)])
(1517702400000,[(25141914,291.90000000000003), (14668198,269.4), (7575776,239.39999999999998), (55678593,236.99999999999997), (35591703,218.6), (422086,202.2), (2073520,193.17999999999998), (76155253,189.29999999999998), (47123844,182.1), (45502378,174.5)])
(1517788800000,[(40118532,673.95), (38331232,642.5), (38834377,634.59), (57048689,613.5), (57285736,544.69), (37061451,527.6999999999999), (76340271,492.48), (2073520,444.8), (33605332,427.7), (39620600,421.0)])
(1517875200000,[(2258463,767.55), (47517981,687.72), (30644652,662.1999999999999), (51878992,655.2), (84222047,607.38), (44060027,517.44), (83405804,501.27), (2073520,463.2), (48178156,412.95), (65353134,397.32)])
(1517961600000,[(67570194,598.62), (2375860,511.2900000000001), (21286079,506.34000000000003), (46062714,471.90000000000003), (79257649,424.46), (49906049,418.35), (20394985,411.3), (57048689,392.79999999999995), (62269531,365.1), (41824747,364.59000000000003)])
(1518048000000,[(51878992,1625.6), (10344179,525.69), (41126079,519.9), (57048689,513.3), (61986282,497.7), (38331232,494.29999999999995), (50341182,486.87), (5340020,459.0), (33605332,452.40000000000003), (73876065,452.09999999999997)])
(1518134400000,[(51878992,935.5999999999999), (64397379,901.5300000000001), (18626273,673.65), (45097,630.4200000000001), (58708373,559.02), (71018133,496.65000000000003), (9522144,490.99999999999994), (74266243,486.75000000000006), (77113804,478.98), (355880,475.2)])
(1518220800000,[(51878992,1685.2), (57048689,1634.1), (2073520,1220.6999999999998), (35591703,931.8), (63591393,901.5300000000001), (57076816,642.9), (75939797,603.69), (56166904,586.8), (12443097,483.0), (21674888,438.3)])
(1518307200000,[(51598241,852.1800000000001), (22502625,596.1), (18782343,468.9), (59987951,450.15999999999997), (48246302,444.51), (50210704,438.84000000000003), (65272023,404.25), (63894116,393.69000000000005), (65348130,375.37), (51878992,341.6)])
(1518393600000,[(64889900,887.4300000000001), (51878992,754.3), (49668339,681.4499999999999), (2073520,623.1999999999999), (68655550,564.63), (63591393,413.28000000000003), (79109603,385.77), (38210046,361.47), (57048689,337.7), (42746821,332.43000000000006)])
(1518480000000,[(54196735,1033.27), (16909483,843.4800000000001), (32300834,755.52), (66221729,687.7600000000001), (58193603,683.7600000000001), (12443097,639.5400000000001), (59395862,564.51), (51878992,547.3), (78877401,518.4300000000001), (38331232,471.9)])
(1518566400000,[(45840695,796.74), (51878992,639.2), (9437749,617.4300000000001), (69464265,597.49), (60736816,571.09), (62096858,526.35), (2073520,518.7600000000001), (60025659,514.7), (77152345,473.34000000000003), (61011842,374.96)])
(1518652800000,[(69555093,761.97), (40118532,726.2800000000001), (65820219,691.1400000000001), (12582762,678.6999999999999), (12626070,582.78), (2073520,573.19), (26436731,500.06), (51878992,484.29999999999995), (38331232,482.2), (25141914,454.84000000000003)])
(1518739200000,[(920052,884.4000000000001), (12802407,701.58), (60025659,686.0200000000001), (67291819,670.6800000000001), (48751578,623.74), (19946911,541.98), (67586182,527.13), (57523214,499.29), (13511540,492.36), (61986282,475.7)])
(1518825600000,[(25141914,769.2), (57048689,716.7), (43644377,661.9), (2073520,475.52), (57113728,473.8), (38331232,412.3), (74505427,358.05), (49423241,330.9), (66332358,320.85), (32140220,300.59999999999997)])
(1518912000000,[(23078829,578.9), (55678593,401.2), (64155512,332.06), (5445298,285.49999999999994), (51878992,272.59999999999997), (49420036,270.93), (54089823,245.5), (64531310,237.5), (8878887,231.14000000000001), (25265344,217.26)])
(1518998400000,[(25141914,536.1), (2073520,473.2), (3770357,386.55), (57113728,338.1), (25504325,282.6), (45676047,256.5), (51878992,256.0), (65535536,242.34), (66105864,225.18), (56679104,207.6)])
(1519084800000,[(51878992,1017.3), (38331232,856.2300000000001), (65213775,655.75), (57048689,556.2), (68251377,399.38), (25141914,375.09999999999997), (2073520,372.14000000000004), (77653522,357.72), (27920024,330.06), (5547491,328.0)])
(1519171200000,[(51878992,997.0999999999999), (67416055,862.74), (67701793,777.9300000000001), (64565279,519.7900000000001), (64898446,491.82000000000005), (72453554,466.53000000000003), (66581027,465.85), (40118532,350.82000000000005), (75911032,342.3), (78371232,340.22)])
(1519257600000,[(65241670,838.32), (51878992,779.6999999999999), (26035061,635.62), (57048689,503.5), (84961100,423.8400000000001), (47372875,418.2300000000001), (15274467,371.95), (25141914,349.6), (64415744,339.36), (39620600,334.74000000000007)])
(1519344000000,[(51878992,1693.0), (72050670,1374.45), (79751302,1065.03), (34740606,978.57), (58596490,658.4), (59460227,618.0600000000001), (57048689,615.3000000000001), (60206023,608.26), (20982021,594.9), (50168457,575.3100000000001)])
(1519430400000,[(35980718,1095.7), (40118532,922.2800000000001), (66581027,868.5400000000001), (57048689,765.9), (38331232,714.4), (48110597,622.8), (65373776,593.34), (12582762,546.1), (515049,485.7), (8619916,451.98)])
(1519516800000,[(51878992,609.3), (23078829,537.4), (2424676,342.58000000000004), (21817067,296.50000000000006), (2073520,264.4), (57663081,215.7), (57076816,194.39999999999998), (12443097,193.4), (59900427,162.89999999999998), (29899499,139.5)])
(1519603200000,[(22502625,730.0), (51878992,642.5), (56166904,573.91), (35980718,560.6), (38331232,444.5), (2073520,392.92), (42705168,376.86), (450196,299.62), (74234146,288.13), (78548008,278.1)])
(1519689600000,[(51878992,1685.1), (38331232,1020.0999999999999), (28368780,980.94), (57048689,935.8), (72040400,811.2300000000001), (60143183,781.44), (34228721,772.1999999999999), (4008701,679.4100000000001), (63625157,640.5300000000001), (63669488,594.0)])
(1519776000000,[(51878992,486.2), (67214539,350.0), (52950109,329.7900000000001), (76287895,214.29000000000002), (31638827,192.2), (66332358,180.96), (106834,159.32999999999998), (82774881,150.27), (59960698,130.5), (32171272,126.73)])
(1519862400000,[(18868541,36.0), (35757574,23.4), (50094963,21.9), (68399181,21.599999999999998), (8203131,20.130000000000003), (76260219,19.8), (51878992,17.4), (55183575,17.4), (66162794,15.0), (69751115,14.1)])
(1519948800000,[(72653894,14.1), (25318459,11.7), (65673927,10.2), (50180668,8.7), (68728168,7.199999999999999), (32997775,6.6), (43550731,6.6), (15314432,6.3), (1931421,6.3), (67404116,6.3)])
(1520035200000,[(66732933,24.9), (36736213,22.2), (54611666,12.6), (53936184,9.0), (26511588,9.0), (67897806,5.7), (77720907,5.5), (15943104,5.1), (28588861,4.8), (1382346,4.2)])
(1520121600000,[(8010,9.9), (85107791,7.6), (33838752,6.8999999999999995), (65276105,5.7), (58318869,5.0), (66641761,4.9), (59282180,4.5), (19394570,4.5), (42936585,4.2), (4123338,4.2)])
(1520208000000,[(45641108,7.199999999999999), (64027912,5.2), (47269236,3.5), (70156299,3.3), (76997193,2.8), (71872596,2.6999999999999997), (66484034,2.6999999999999997), (74256728,2.5), (63459127,2.0999999999999996), (75116230,2.0999999999999996)])
(1520294400000,[(68521406,16.5), (48276181,8.399999999999999), (67928411,7.199999999999999), (53165245,6.8999999999999995), (26396812,6.6), (67389179,5.3999999999999995), (64414352,4.2), (14577152,3.9), (85129344,3.9), (63338381,2.4)])
(1520380800000,[(25020225,7.8), (76108829,4.8), (25946139,4.199999999999999), (31241046,2.6999999999999997), (23561971,2.4), (50403604,2.0999999999999996), (78169502,1.7999999999999998), (72560860,1.7999999999999998), (19190372,1.5), (66837910,1.4)])
(1520467200000,[(67961891,11.799999999999999), (10329685,10.6), (68079354,8.1), (66685223,7.8999999999999995), (84492781,7.8), (59689153,6.3), (72920371,5.1), (41847830,4.8), (22895112,4.6), (69280534,4.2)])
(1520553600000,[(18234515,6.6), (50079274,3.3), (16410302,2.4), (83246354,2.1), (32171272,1.7999999999999998), (63306780,1.5), (114538,1.5), (67281652,1.2), (69624277,1.2), (66427193,1.0)])
(1520640000000,[(724138,2.1), (76690275,2.1), (53993719,0.7), (26443191,0.7), (57128966,0.6), (35980718,0.3), (64906952,0.3), (54124804,0.3), (50311731,0.3), (82777154,0.3)])
(1520726400000,[(62484116,1.5), (66747308,1.4), (57642382,1.2), (56770824,1.2), (84539766,0.7), (43214352,0.7), (2110483,0.6), (85200683,0.6), (51081186,0.3), (63422475,0.3)])
(1520812800000,[(42879545,2.1), (27185135,1.5), (73116038,1.2), (85208353,0.8999999999999999), (36369215,0.8999999999999999), (51506193,0.8999999999999999), (60358468,0.7), (66979687,0.3), (70890972,0.3), (8285311,0.3)])
(1520899200000,[(30006326,0.8999999999999999), (22733804,0.7), (77917243,0.7), (77720907,0.7), (20355141,0.7), (64027912,0.6), (46990856,0.3), (6426535,0.3), (63064122,0.0), (53667369,0.0)])
(1520985600000,[(51388261,1.2), (63537297,0.3), (84722947,0.0), (85243087,0.0), (66642992,0.0), (60640824,0.0), (55682507,0.0), (85236502,0.0), (62242038,0.0), (46148869,0.0)])
(1521072000000,[(63103986,2.1), (30006326,0.7), (84669626,0.7), (71939920,0.7), (35277877,0.6), (60641078,0.6), (68488457,0.3), (85256566,0.0), (85257476,0.0), (85262961,0.0)])
(1521158400000,[(51609236,0.6), (59842247,0.3), (85264461,0.3), (74583227,0.0), (53162431,0.0), (15929499,0.0), (85267362,0.0), (43368125,0.0), (84984920,0.0), (85264612,0.0)])
(1521244800000,[(26702451,0.0), (79181712,0.0), (68264504,0.0), (69583330,0.0), (85193534,0.0)])
(1521331200000,[(67590681,6.0), (48410400,1.2), (64711146,0.0), (78931478,0.0), (82402829,0.0), (65895136,0.0), (81075720,0.0), (20877330,0.0)])
(1521417600000,[(12626070,1.5), (1184284,0.8999999999999999), (66441569,0.8999999999999999), (71280836,0.3), (85269835,0.0), (85311023,0.0), (85309840,0.0), (84740112,0.0), (28687942,0.0), (84745826,0.0)])
(1521504000000,[(9549801,0.8999999999999999), (73562064,0.6), (55988245,0.3), (74750957,0.0), (85331532,0.0), (85325807,0.0), (85317838,0.0), (59723345,0.0), (82295726,0.0)])
(1521590400000,[(30166365,1.5), (12889273,0.6), (65909036,0.6), (79234769,0.6), (85345771,0.0), (43989240,0.0), (85347350,0.0)])
(1521676800000,[(58602547,1.0), (1695194,0.6), (67504001,0.0), (67959280,0.0), (68043899,0.0), (84724895,0.0), (49583133,0.0), (81077287,0.0)])
(1521763200000,[(85375452,2.0999999999999996), (46946261,1.2), (85372693,0.7), (50170294,0.3), (74673930,0.0), (85375405,0.0), (85374468,0.0), (85375759,0.0), (61025795,0.0), (85377870,0.0)])
(1521849600000,[(40957453,1.2), (35947622,0.0), (78462603,0.0), (85387469,0.0), (37353114,0.0), (85378440,0.0), (740196,0.0), (85384796,0.0), (9920043,0.0), (85379114,0.0)])
(1521936000000,[(37475235,0.8999999999999999), (15285384,0.3), (78826773,0.3), (85389591,0.0), (61616251,0.0), (85396743,0.0), (85398476,0.0), (9522144,0.0), (85400172,0.0)])
(1522022400000,[(66180994,2.4), (11237620,1.2), (85408707,0.0), (85408582,0.0), (28687942,0.0), (85413215,0.0), (11228992,0.0), (85403107,0.0), (66500054,0.0), (85413586,0.0)])
(1522108800000,[(76885022,1.2), (3959098,1.2), (85419539,0.7), (30650487,0.3), (85424807,0.0), (85422406,0.0), (85422687,0.0), (85424715,0.0), (85419474,0.0), (85424384,0.0)])
(1522195200000,[(54620191,0.8999999999999999), (23602170,0.6), (85433994,0.0), (85440476,0.0), (85424374,0.0), (85432931,0.0), (85444901,0.0), (61744342,0.0), (69447055,0.0), (85439231,0.0)])
(1522281600000,[(57320526,3.0), (67711219,1.2999999999999998), (788867,0.3), (85455788,0.3), (85427275,0.0), (77960659,0.0), (85453756,0.0), (85453821,0.0), (766073,0.0), (85452688,0.0)])
(1522368000000,[(26808051,1.2), (61185114,0.3), (20406144,0.0), (56607523,0.0), (83298264,0.0), (85465542,0.0)])
(1522454400000,[(20406144,0.3), (85482632,0.0), (25672018,0.0), (51138185,0.0), (85478617,0.0), (85479161,0.0)])
(1522540800000,[(66140900,1.2), (36218240,0.6), (31139928,0.3), (32739074,0.0), (49409505,0.0), (85490265,0.0), (47231823,0.0)])
(1522627200000,[(675571,1.2), (85490265,0.7), (28129655,0.3), (84997744,0.0), (85500922,0.0), (37105403,0.0), (84669626,0.0), (85500777,0.0), (3039161,0.0), (56461455,0.0)])
(1522713600000,[(46148869,1.2), (67030584,0.7), (85512593,0.3), (63106311,0.3), (85512230,0.3), (85510085,0.0), (61185114,0.0), (85506923,0.0), (2325294,0.0), (85509776,0.0)])
(1522800000000,[(46148869,1.4), (33217850,1.4), (58493148,0.7), (7204180,0.7), (30672372,0.6), (85519369,0.3), (67530043,0.3), (68802221,0.0), (85499580,0.0), (47931530,0.0)])
(1522886400000,[(79194965,1.5), (60702762,1.0), (69106652,0.8999999999999999), (36218240,0.7), (32271878,0.6), (72946773,0.3), (52882115,0.0), (85398693,0.0), (85533135,0.0), (85534119,0.0)])
(1522972800000,[(77809927,0.8999999999999999), (36218240,0.7), (72389189,0.3), (4377563,0.0), (58089209,0.0), (55437516,0.0), (85541673,0.0)])
(1523059200000,[(47163037,0.7), (60210028,0.7), (3630212,0.6), (39860742,0.0), (12858956,0.0), (75947717,0.0)])
(1523145600000,[(788867,0.7), (12858956,0.7), (47931530,0.0), (71240028,0.0), (67030584,0.0), (61707967,0.0), (68068281,0.0), (65619795,0.0), (69596916,0.0), (20868381,0.0)])
(1523232000000,[(85580682,1.7), (69106652,0.7), (12858956,0.7), (34228478,0.7), (82352203,0.0), (31643640,0.0), (85580281,0.0), (78169502,0.0), (77228886,0.0), (74364723,0.0)])
(1523318400000,[(59105249,0.8999999999999999), (78169502,0.7), (34941621,0.7), (32227750,0.7), (85591203,0.3), (37400387,0.0), (18782021,0.0), (47931530,0.0), (67843113,0.0), (72383800,0.0)])
(1523404800000,[(59105249,0.7), (47931530,0.7), (77745840,0.6), (59201506,0.0), (85237679,0.0), (82352708,0.0), (85609862,0.0), (85237675,0.0), (85601707,0.0), (68642140,0.0)])
(1523491200000,[(65737693,0.3), (23394662,0.0), (8820714,0.0), (79215596,0.0), (35551720,0.0), (85623895,0.0), (85620061,0.0), (64637942,0.0)])
(1523577600000,[(67519077,0.7), (85629778,0.0), (56119418,0.0), (77796636,0.0), (85635357,0.0), (84882422,0.0)])
