(1514764800000,[(17374907,2047.6100000000001), (76679000,1540.44), (55149758,1294.8799999999999), (50491256,1132.56), (77784466,948.6999999999999), (58651515,934.1999999999999), (59778178,824.6999999999999), (58223613,703.6899999999999), (60025659,698.0), (18862670,683.3)])
(1515369600000,[(2073520,2398.92), (64646953,1348.4399999999998), (40118532,1313.4100000000003), (51878992,1273.9), (69745052,1064.8), (76165388,1037.3999999999999), (47109348,963.8900000000001), (63687177,959.52), (69563353,945.84), (34419602,926.86)])
(1515974400000,[(51878992,3126.7999999999997), (57048689,1646.3999999999999), (2073520,1193.35), (51087612,1154.55), (38331232,1129.31), (52922216,1115.4999999999998), (84432461,960.1), (64354920,946.89), (52121639,851.8500000000001), (17023634,851.4000000000001)])
(1516579200000,[(2073520,2010.7800000000002), (51878992,1941.8), (57048689,1580.7), (38331232,1495.4999999999998), (57123959,1247.6999999999998), (56825716,880.0799999999999), (48038238,805.32), (53612425,731.0), (54291020,722.22), (81039269,713.87)])
(1517184000000,[(2073520,2741.22), (57048689,2052.2999999999997), (51878992,2051.5), (40118532,1899.9799999999998), (12582762,1304.5), (38331232,1279.9399999999998), (25504325,1080.6), (41105837,1078.43), (23078829,1074.8), (57411182,1062.63)])
(1517788800000,[(2073520,2205.88), (40118532,1793.63), (51878992,1789.2), (55678593,1420.11), (57048689,1365.0), (38331232,1334.35), (63119682,1297.2199999999998), (49906049,1222.27), (47269236,1144.8999999999999), (31763033,1076.8899999999999)])
(1518393600000,[(51878992,4954.099999999999), (57048689,2636.5199999999995), (2073520,2373.2599999999998), (35591703,1450.9), (81364682,1312.8), (57076816,1263.88), (64397379,1213.13), (61986282,1095.6999999999998), (27924638,1050.97), (31713359,1019.87)])
(1518998400000,[(25141914,1513.9399999999998), (2073520,1330.3699999999997), (57048689,1124.1), (43644377,1109.0), (40118532,1074.93), (38331232,1072.5), (51878992,1008.7), (66332358,959.7499999999999), (55678593,952.5999999999999), (3123529,938.26)])
(1519603200000,[(51878992,3764.4), (57048689,1888.1999999999998), (17374907,1762.45), (35980718,1379.4), (72050670,1376.55), (38331232,1269.0), (40118532,1207.5299999999997), (80953746,1174.26), (79751302,1065.03), (46947233,1032.3)])
(1520208000000,[(18868541,36.0), (47269236,25.599999999999998), (66732933,24.9), (69466710,24.499999999999996), (35757574,24.099999999999998), (68399181,21.599999999999998), (8203131,20.130000000000003), (76260219,19.8), (36736213,19.8), (51878992,17.4)])
(1520812800000,[(67961891,11.799999999999999), (10329685,10.6), (68079354,8.1), (66685223,7.8999999999999995), (84492781,7.8), (18234515,7.3), (59689153,6.3), (72920371,5.1), (69280534,4.9), (41847830,4.8)])
(1521417600000,[(67590681,6.0), (63103986,2.1), (30166365,1.5), (12626070,1.5), (48410400,1.2), (66441569,0.8999999999999999), (1184284,0.8999999999999999), (9549801,0.8999999999999999), (65909036,0.6), (60641078,0.6)])
(1522022400000,[(66180994,2.4), (85372754,2.0999999999999996), (40957453,1.2), (76885022,1.2), (3959098,1.2), (46946261,1.2), (11237620,1.2), (58602547,1.0), (54620191,0.8999999999999999), (37475235,0.8999999999999999)])
(1522627200000,[(57320526,3.0), (46148869,2.5999999999999996), (33217850,1.9), (58493148,1.2999999999999998), (67711219,1.2999999999999998), (675571,1.2), (26808051,1.2), (67030584,1.0), (85500777,0.7), (30672372,0.6)])
(1523232000000,[(964814,2.9), (85580682,1.7), (60970531,1.5999999999999999), (42638279,1.5999999999999999), (79194965,1.5), (32227750,1.0), (60702762,1.0), (37400387,0.7), (31643640,0.7), (34228478,0.7)])
